100
a -52 -52 -76 -61 -62 -52 -8 8 -100 -41 -60 -84
a 5 87 34 -35 -17 26 8 46 -54 -2 -11 14
a -52 86 -62 90 -51 9 -31 71 -32 66 -44 42
a -85 34 51 64 98 -55 37 -7 -14 25 88 7
a 31 63 -28 -70 80 16 -37 93 64 34 -18 8
a 70 -52 -82 -54 -99 81 -64 11 -95 1 6 100
a -63 32 83 90 -59 -56 -62 -70 -75 72 -37 -70
a -78 91 -87 4 52 75 93 25 -11 25 -21 32
a -48 97 39 -62 38 61 93 -75 -50 100 61 17
a 42 -3 -59 67 7 -19 45 86 -66 12 2 -35
a -31 93 51 98 -6 2 -82 98 87 16 -82 19
a -57 -64 -44 -65 3 43 -14 -67 -7 36 -58 -68
a 30 52 -14 67 88 72 -13 99 78 -16 -22 -14
a 11 -40 92 -11 92 -75 -91 41 62 -47 89 80
a -43 40 77 61 -57 -22 30 97 38 -72 -96 12
a -81 64 55 -77 56 79 -12 -57 54 -33 -1 -39
a -60 -99 -3 85 93 -80 -85 91 48 53 -17 45
a 5 73 -45 -17 36 -77 -89 77 -99 91 73 86
a 95 -6 71 -100 13 24 -9 22 39 -65 36 -52
a 39 -97 46 -12 -17 -84 17 99 77 98 66 -12
a -13 1 -56 73 90 81 11 90 -79 -94 48 91
a -48 -86 -87 19 -31 -53 -26 39 -96 -64 -82 71
a 54 40 -72 -93 79 -80 64 -10 32 -96 13 57
a 89 43 -69 -24 14 -65 79 -37 38 69 -21 82
a 72 92 -62 48 -38 50 -4 23 -16 -21 -84 -74
a 95 16 -93 50 55 -83 76 7 39 -36 -4 35
a -66 -54 26 51 14 -94 8 -57 18 22 81 -17
a -72 -68 -4 86 -58 80 -96 -44 43 43 -81 -15
a -62 -83 0 60 29 -22 -8 91 -70 100 65 -5
a -49 -57 -91 46 89 79 -29 -94 -58 82 100 -44
a -41 30 15 -86 75 -95 96 -56 40 -50 -20 84
a -20 2 59 73 96 55 61 33 35 -65 -35 29
a -72 -15 58 92 -84 -44 -36 -2 7 -40 84 38
a -6 -95 -73 -23 80 7 -7 -21 50 -53 -59 54
a -83 27 -98 62 -52 14 34 -58 92 10 -22 15
a 72 96 75 -96 32 -67 91 62 -33 54 -89 -87
a 32 15 10 -95 -1 -62 96 94 -85 -18 49 -69
a -40 -42 46 80 -50 -97 9 -45 -95 28 12 91
a -48 -83 -71 86 -37 -30 -38 -80 -36 20 20 0
a 52 17 3 -26 86 -9 18 -43 -2 -47 -34 27
a 1 -6 -27 -68 -8 15 79 -20 -33 -2 -91 -88
a -22 -72 -16 -10 -47 25 -100 43 58 84 -90 83
a -54 74 87 15 -8 24 -3 25 52 15 -74 -69
a -65 -89 -18 -48 1 -45 -42 -15 57 91 -64 7
a -42 -80 98 -69 83 100 -83 -61 68 37 27 79
a -24 82 -77 -5 -32 97 -88 -21 74 31 -69 97
a 62 59 -99 -58 7 63 50 48 38 -56 47 -29
a 67 24 -19 -54 28 84 -100 -64 18 -87 -68 -88
a -64 47 29 97 -77 -79 55 -8 6 -90 94 -82
a -82 87 -62 -28 -11 -84 -84 -19 37 33 -2 -4
a 88 36 -6 100 61 73 77 -65 29 25 -73 28
a -79 48 94 87 95 -75 -12 -63 36 59 -90 -82
a -50 -39 -50 -42 -85 -29 -3 2 60 86 80 -97
a 51 47 -47 -84 65 84 16 -35 59 88 -27 12
a 1 24 21 -7 -85 49 94 35 -77 63 -61 47
a 38 87 -45 65 -20 25 46 -30 59 -98 -75 40
a -60 -69 -56 4 33 -89 70 -77 11 -4 -62 79
a -21 -48 52 38 31 -73 48 -72 7 -8 12 54
a 12 -56 34 63 -21 37 48 -59 -44 51 91 -3
a 26 -15 83 26 95 22 -87 -43 98 -21 55 12
a -98 80 -23 -81 43 39 0 -68 -39 -64 68 -87
a 1 -73 37 -6 -8 61 47 -20 -11 -40 53 -25
a -86 -24 -3 -37 -21 13 -61 -59 -35 26 54 -95
a 45 88 -47 -17 37 84 -56 -17 -22 92 6 -10
a 62 51 10 31 -27 -20 -52 77 21 68 -34 -19
a -7 -73 -2 16 -95 98 -19 -87 30 -10 20 27
a 80 1 -25 -48 -47 27 -39 29 -23 -90 78 40
a -39 -97 -43 51 -48 -32 -22 -77 74 -31 -33 -40
a 9 71 58 -74 -84 -81 44 10 47 -18 -64 76
a 12 -83 73 22 -51 53 81 96 -17 -41 -18 -12
a 47 98 75 82 99 69 -5 39 -100 -84 31 47
a -16 32 -75 -78 -23 66 97 71 74 -81 -57 -4
a -41 -45 46 -80 -14 -14 52 -69 -5 -70 -24 20
a -85 -13 64 -46 -48 35 -25 24 86 -59 15 14
a -11 -39 -90 56 -67 -95 83 54 19 -86 -56 83
a 93 37 -31 -73 20 36 -32 -44 100 24 -12 21
a 43 23 68 -52 -88 23 0 46 80 58 -16 44
a -96 100 -68 -89 -41 42 -37 58 45 -46 -49 -41
a -75 49 74 26 29 23 15 -13 69 21 -6 -99
a -50 27 -76 49 -29 19 69 -69 65 -39 41 80
a -81 -39 86 -69 -19 10 33 -49 49 50 74 11
a 59 -64 20 50 31 69 -38 -68 -87 -41 16 23
a 23 -88 77 -62 -56 55 -50 -24 61 -18 48 -96
a -20 98 83 51 -9 79 56 63 -51 57 -60 -4
a -45 -4 15 -85 -56 -29 97 91 -92 20 2 8
a 31 -85 97 -8 -25 80 -47 28 30 -22 38 56
a 90 42 42 -9 28 7 -89 59 -8 -66 43 57
a -46 47 51 -93 43 40 60 82 29 78 -66 25
a -33 -53 -78 68 76 -56 10 16 16 95 22 -52
a -39 -22 -67 -17 -84 38 -47 97 97 -4 -78 3
a 12 -54 -76 -11 -38 -100 -72 91 -52 1 -73 -85
a 0 41 -99 27 -4 -51 4 -44 86 47 30 -55
a 50 -46 -73 83 17 23 -88 -10 81 25 -22 -42
a 27 18 25 13 99 41 -66 -12 -30 88 15 9
a -56 63 15 96 -15 21 96 -70 -54 -9 64 34
a 60 -19 -31 81 14 -62 -79 46 46 100 -47 -31
a -88 8 30 -17 -7 -36 9 -15 -78 -83 7 12
a -10 -63 3 -10 -79 -20 -16 -1 63 92 -67 44
a 43 41 -81 -58 10 36 6 -94 96 -52 69 97
a -52 -24 -79 57 -39 -79 -33 -62 -17 -10 -26 83
