200
x 9 -61 -62 -52 -76 8 -100 86 -62 90 -51 87 34 64 98 25 88 -55 37
p 9 34 51 -61 -62 -52 -76 8 -100 86 -62 90 -51 87 34 64 98 25 88 -55 37
x 14 -99 81 -96 12 -95 1 -82 -54 -62 -70 92 -75 93 -75 93 25 89 80 83 90 51 98 6 100 -50 100 -82 98
p 14 -1 -39 -99 81 -96 12 -95 1 -82 -54 -62 -70 92 -75 93 -75 93 25 89 80 83 90 51 98 6 100 -50 100 -82 98
x 15 -100 13 -99 -3 -86 -87 -77 -89 77 -99 80 -96 90 -79 92 -62 99 77 85 93 -12 95 -17 95 -74 89 -93 79 -97 46
p 15 -68 -4 -100 13 -99 -3 -86 -87 -77 -89 77 -99 80 -96 90 -79 92 -62 99 77 85 93 -12 95 -17 95 -74 89 -93 79 -97 46
x 10 -98 62 -91 -88 -50 -97 75 -96 96 -56 100 -44 96 94 72 96 -70 100 -90 83
p 10 -100 43 -98 62 -91 -88 -50 -97 75 -96 96 -56 100 -44 96 94 72 96 -70 100 -90 83
x 10 -90 94 -89 -18 -87 -68 59 -99 84 -100 97 -88 100 -83 97 -42 74 87 -80 98
p 10 97 -77 -90 94 -89 -18 -87 -68 59 -99 84 -100 97 -88 100 -83 97 -42 74 87 -80 98
x 8 -90 -82 59 -98 80 -97 95 -75 94 87 -6 100 -82 87 -85 49
p 8 33 -89 -90 -82 59 -98 80 -97 95 -75 94 87 -6 100 -82 87 -85 49
x 12 -95 1 -69 -56 -25 -98 22 -87 54 -60 80 -23 51 91 26 95 -43 98 -64 68 -81 43 -87 26
p 12 92 6 -95 1 -69 -56 -25 -98 22 -87 54 -60 80 -23 51 91 26 95 -43 98 -64 68 -81 43 -87 26
x 7 -100 -84 -39 -97 58 -74 74 -31 80 1 81 96 -95 98
p 7 -5 39 -100 -84 -39 -97 58 -74 74 -31 80 1 81 96 -95 98
x 7 -81 -57 32 -75 98 75 82 99 66 97 -4 47 -78 -23
p 7 -70 -24 -81 -57 32 -75 98 75 82 99 66 97 -4 47 -78 -23
x 10 -96 100 -85 -13 -67 -95 -6 -99 46 -80 86 -59 100 24 93 37 83 54 80 58
p 10 69 21 -96 100 -85 -13 -67 -95 -6 -99 46 -80 86 -59 100 24 93 37 83 54 80 58
x 7 -100 -72 -68 -87 91 -92 98 83 97 97 -85 97 -96 59
p 7 41 -99 -100 -72 -68 -87 91 -92 98 83 97 97 -85 97 -96 59
x 9 -88 -10 -78 -83 96 -70 99 41 63 92 46 100 15 96 -73 83 -88 8
p 9 -10 -63 -88 -10 -78 -83 96 -70 99 41 63 92 46 100 15 96 -73 83 -88 8
x 9 -94 96 -83 -26 -79 -33 -33 -88 47 -97 94 -38 83 43 69 52 23 77
p 9 -25 15 -94 96 -83 -26 -79 -33 -33 -88 47 -97 94 -38 83 43 69 52 23 77
x 9 -98 -90 -93 -93 87 -98 97 36 91 72 87 85 50 90 -65 95 -96 1
p 9 74 29 -98 -90 -93 -93 87 -98 97 36 91 72 87 85 50 90 -65 95 -96 1
x 4 -42 59 -21 28 50 36 -8 64
p 4 -23 -14 -42 59 -21 28 50 36 -8 64
x 7 -99 59 -91 8 -37 -96 60 8 98 78 63 96 -92 91
p 7 65 27 -99 59 -91 8 -37 -96 60 8 98 78 63 96 -92 91
x 9 -78 49 -74 -97 -56 -98 80 -80 97 -53 97 40 93 59 86 89 -32 99
p 9 96 45 -78 49 -74 -97 -56 -98 80 -80 97 -53 97 40 93 59 86 89 -32 99
x 8 -98 -78 -28 -95 30 -93 99 -74 92 84 -21 98 -89 91 -98 90
p 8 -63 -30 -98 -78 -28 -95 30 -93 99 -74 92 84 -21 98 -89 91 -98 90
x 17 -96 60 -87 -25 -82 -59 -59 -78 -36 -91 15 -93 73 -95 74 -95 91 -73 94 -54 96 -19 98 26 96 98 36 97 -63 94 -90 93 -94 78
p 17 25 -10 -96 60 -87 -25 -82 -59 -59 -78 -36 -91 15 -93 73 -95 74 -95 91 -73 94 -54 96 -19 98 26 96 98 36 97 -63 94 -90 93 -94 78
x 10 -99 -66 -95 -99 -13 -100 81 -84 93 -74 98 70 90 98 46 100 -64 100 -92 45
p 10 27 -81 -99 -66 -95 -99 -13 -100 81 -84 93 -74 98 70 90 98 46 100 -64 100 -92 45
x 10 -100 53 -60 -82 -52 -100 -47 -100 78 -75 92 -26 94 6 51 88 -8 85 -100 57
p 10 62 66 -100 53 -60 -82 -52 -100 -47 -100 78 -75 92 -26 94 6 51 88 -8 85 -100 57
x 9 -100 88 -93 -91 -30 -94 81 -88 93 -84 96 -71 90 49 64 79 -84 100
p 9 63 -52 -100 88 -93 -91 -30 -94 81 -88 93 -84 96 -71 90 49 64 79 -84 100
x 9 -93 -22 -61 -98 54 -97 87 -58 98 -2 100 72 39 96 -82 100 -89 36
p 9 93 -32 -93 -22 -61 -98 54 -97 87 -58 98 -2 100 72 39 96 -82 100 -89 36
x 9 -98 90 -83 -48 -44 -79 93 -80 95 -29 93 84 84 89 45 92 -32 93
p 9 79 7 -98 90 -83 -48 -44 -79 93 -80 95 -29 93 84 84 89 45 92 -32 93
x 13 -99 9 -97 -56 -72 -92 -35 -100 63 -94 95 -79 100 1 87 84 73 90 23 94 6 94 -50 71 -99 36
p 13 36 -96 -99 9 -97 -56 -72 -92 -35 -100 63 -94 95 -79 100 1 87 84 73 90 23 94 6 94 -50 71 -99 36
x 11 -96 -82 -44 -90 40 -82 84 -70 98 35 99 62 88 94 -18 96 -75 92 -86 82 -95 46
p 11 68 68 -96 -82 -44 -90 40 -82 84 -70 98 35 99 62 88 94 -18 96 -75 92 -86 82 -95 46
x 10 -100 -82 -56 -94 68 -100 86 -94 92 -42 100 42 91 74 69 88 7 99 -99 94
p 10 -20 -86 -100 -82 -56 -94 68 -100 86 -94 92 -42 100 42 91 74 69 88 7 99 -99 94
x 10 -100 -83 -77 -88 -14 -97 6 -99 97 -96 95 83 77 99 13 99 -76 92 -86 85
p 10 -60 -87 -100 -83 -77 -88 -14 -97 6 -99 97 -96 95 83 77 99 13 99 -76 92 -86 85
x 11 -99 -27 -93 -51 -65 -99 -6 -99 72 -97 83 -85 100 -16 91 83 82 96 -62 94 -98 93
p 11 33 -2 -99 -27 -93 -51 -65 -99 -6 -99 72 -97 83 -85 100 -16 91 83 82 96 -62 94 -98 93
x 6 -100 8 -88 -68 -32 -89 82 -65 87 47 77 93
p 6 18 66 -100 8 -88 -68 -32 -89 82 -65 87 47 77 93
x 11 -91 -19 -89 -63 -46 -89 -15 -81 54 -62 88 -43 92 -24 96 92 44 98 -84 98 -91 85
p 11 23 -9 -91 -19 -89 -63 -46 -89 -15 -81 54 -62 88 -43 92 -24 96 92 44 98 -84 98 -91 85
x 9 -99 10 -53 -61 54 -100 72 -71 80 -54 94 37 95 48 -88 92 -94 87
p 9 31 22 -99 10 -53 -61 54 -100 72 -71 80 -54 94 37 95 48 -88 92 -94 87
x 12 -100 -30 -75 -83 -34 -93 47 -98 57 -88 80 -28 95 15 73 68 8 99 -51 89 -76 66 -99 -6
p 12 82 82 -100 -30 -75 -83 -34 -93 47 -98 57 -88 80 -28 95 15 73 68 8 99 -51 89 -76 66 -99 -6
x 11 -95 66 -93 -16 -74 -98 85 -87 95 -53 98 -31 97 -9 91 33 71 84 48 99 9 98
p 11 -84 16 -95 66 -93 -16 -74 -98 85 -87 95 -53 98 -31 97 -9 91 33 71 84 48 99 9 98
x 9 -93 -92 -82 -97 76 -100 92 -11 78 68 53 91 1 100 -19 99 -92 94
p 9 -73 4 -93 -92 -82 -97 76 -100 92 -11 78 68 53 91 1 100 -19 99 -92 94
x 8 -64 -86 -31 -91 8 -87 74 -70 91 -36 60 36 14 84 -33 17
p 8 67 -29 -64 -86 -31 -91 8 -87 74 -70 91 -36 60 36 14 84 -33 17
x 13 -100 -60 -61 -81 -29 -91 -11 -94 10 -97 93 -86 100 -40 99 -14 95 82 55 93 -35 99 -85 89 -98 23
p 13 84 43 -100 -60 -61 -81 -29 -91 -11 -94 10 -97 93 -86 100 -40 99 -14 95 82 55 93 -35 99 -85 89 -98 23
x 8 -95 -78 -49 -90 51 -99 97 -90 99 15 60 79 -59 100 -91 66
p 8 -73 46 -95 -78 -49 -90 51 -99 97 -90 99 15 60 79 -59 100 -91 66
x 14 -100 -39 -91 -50 -76 -67 -57 -84 -40 -98 -14 -99 58 -99 74 -96 99 -65 92 70 18 95 -88 84 -95 62 -98 38
p 14 26 -9 -100 -39 -91 -50 -76 -67 -57 -84 -40 -98 -14 -99 58 -99 74 -96 99 -65 92 70 18 95 -88 84 -95 62 -98 38
x 11 -99 60 -97 -11 -92 -81 -44 -98 -14 -98 83 -92 98 -90 100 -68 98 95 -96 88 -97 86
p 11 79 53 -99 60 -97 -11 -92 -81 -44 -98 -14 -98 83 -92 98 -90 100 -68 98 95 -96 88 -97 86
x 4 -77 -98 -27 -86 81 -52 -48 92
p 4 -46 -69 -77 -98 -27 -86 81 -52 -48 92
x 12 -95 0 -44 -75 -23 -100 29 -89 81 -72 97 -55 98 -50 100 2 100 12 85 60 58 95 -90 94
p 12 21 -60 -95 0 -44 -75 -23 -100 29 -89 81 -72 97 -55 98 -50 100 2 100 12 85 60 58 95 -90 94
x 10 -100 -57 -71 -78 62 -90 81 -57 97 65 76 78 45 89 -9 96 -64 92 -83 74
p 10 -37 91 -100 -57 -71 -78 62 -90 81 -57 97 65 76 78 45 89 -9 96 -64 92 -83 74
x 10 -100 49 -96 -48 -92 -95 -81 -98 58 -87 70 -79 95 -6 100 87 -45 99 -69 100
p 10 35 -68 -100 49 -96 -48 -92 -95 -81 -98 58 -87 70 -79 95 -6 100 87 -45 99 -69 100
x 9 -100 17 -86 -97 28 -99 44 -96 93 -60 98 20 85 76 -3 84 -84 90
p 9 77 -100 -100 17 -86 -97 28 -99 44 -96 93 -60 98 20 85 76 -3 84 -84 90
x 12 -100 68 -99 48 -93 -19 -88 -56 -80 -98 86 -92 98 -90 100 -78 100 73 82 91 48 99 -91 92
p 12 90 32 -100 68 -99 48 -93 -19 -88 -56 -80 -98 86 -92 98 -90 100 -78 100 73 82 91 48 99 -91 92
x 9 -94 -82 -76 -89 -45 -100 100 -71 99 19 66 85 -47 99 -57 95 -82 70
p 9 56 51 -94 -82 -76 -89 -45 -100 100 -71 99 19 66 85 -47 99 -57 95 -82 70
x 9 -100 -97 94 -94 99 29 93 66 61 93 25 99 -67 100 -97 84 -98 67
p 9 -69 70 -100 -97 94 -94 99 29 93 66 61 93 25 99 -67 100 -97 84 -98 67
x 11 -93 39 -85 -72 -51 -99 32 -100 58 -97 74 -81 90 -53 100 78 96 91 -51 92 -76 88
p 11 -45 27 -93 39 -85 -72 -51 -99 32 -100 58 -97 74 -81 90 -53 100 78 96 91 -51 92 -76 88
x 3 -100 -14 -49 -43 35 35
p 3 98 76 -100 -14 -49 -43 35 35
x 11 -100 17 -94 -90 -84 -95 25 -99 96 -92 96 -83 92 63 91 99 64 100 -69 99 -100 42
p 11 17 12 -100 17 -94 -90 -84 -95 25 -99 96 -92 96 -83 92 63 91 99 64 100 -69 99 -100 42
x 9 -86 -14 -80 -48 -51 -81 -31 -96 49 -71 77 -42 92 100 -27 89 -70 17
p 9 -81 -3 -86 -14 -80 -48 -51 -81 -31 -96 49 -71 77 -42 92 100 -27 89 -70 17
x 8 -99 70 -95 -66 -63 -94 -7 -93 98 -90 99 48 92 99 -80 94
p 8 -27 -27 -99 70 -95 -66 -63 -94 -7 -93 98 -90 99 48 92 99 -80 94
x 8 -93 68 -89 -36 -21 -99 27 -78 97 34 100 46 92 73 -91 83
p 8 -21 -72 -93 68 -89 -36 -21 -99 27 -78 97 34 100 46 92 73 -91 83
x 7 -97 100 -89 -37 -81 -97 99 -95 100 -25 95 91 -8 96
p 7 -30 53 -97 100 -89 -37 -81 -97 99 -95 100 -25 95 91 -8 96
x 12 -95 2 -94 -18 -91 -36 -69 -98 -10 -97 21 -87 77 -60 92 14 93 78 89 84 -86 84 -91 53
p 12 -61 53 -95 2 -94 -18 -91 -36 -69 -98 -10 -97 21 -87 77 -60 92 14 93 78 89 84 -86 84 -91 53
x 9 -98 -89 -69 -99 86 -96 93 -25 96 60 60 91 53 97 -12 99 -94 98
p 9 1 -8 -98 -89 -69 -99 86 -96 93 -25 96 60 60 91 53 97 -12 99 -94 98
x 12 -98 -63 -76 -85 -42 -92 51 -91 87 -63 93 -46 90 43 76 97 -42 99 -74 99 -90 24 -97 -22
p 12 -30 -58 -98 -63 -76 -85 -42 -92 51 -91 87 -63 93 -46 90 43 76 97 -42 99 -74 99 -90 24 -97 -22
x 9 -99 -17 -87 -87 55 -98 83 -98 100 -65 94 86 -87 100 -93 77 -99 1
p 9 11 61 -99 -17 -87 -87 55 -98 83 -98 100 -65 94 86 -87 100 -93 77 -99 1
x 7 -98 34 -93 -85 -84 -99 96 -90 93 90 -28 100 -86 82
p 7 -75 81 -98 34 -93 -85 -84 -99 96 -90 93 90 -28 100 -86 82
x 11 -95 -98 -66 -99 11 -92 58 -82 83 -45 100 15 92 74 35 91 -85 99 -94 9 -95 -31
p 11 -66 43 -95 -98 -66 -99 11 -92 58 -82 83 -45 100 15 92 74 35 91 -85 99 -94 9 -95 -31
x 10 -100 32 -97 -70 -89 -84 -76 -94 28 -98 96 -78 100 -74 100 -4 93 95 -97 96
p 10 -48 -75 -100 32 -97 -70 -89 -84 -76 -94 28 -98 96 -78 100 -74 100 -4 93 95 -97 96
x 13 -97 -32 -81 -75 -36 -90 -16 -91 16 -85 63 -55 97 -8 92 23 67 86 59 100 5 97 -84 67 -95 32
p 13 -68 -66 -97 -32 -81 -75 -36 -90 -16 -91 16 -85 63 -55 97 -8 92 23 67 86 59 100 5 97 -84 67 -95 32
x 11 -99 -15 -95 -67 -77 -98 -21 -100 19 -94 94 -70 99 8 94 33 75 100 43 100 -96 96
p 11 68 2 -99 -15 -95 -67 -77 -98 -21 -100 19 -94 94 -70 99 8 94 33 75 100 43 100 -96 96
x 9 -97 -40 -88 -97 29 -90 61 -72 82 1 98 97 -2 100 -83 65 -93 47
p 9 96 14 -97 -40 -88 -97 29 -90 61 -72 82 1 98 97 -2 100 -83 65 -93 47
x 9 -91 -86 9 -99 88 -91 95 3 77 31 20 99 -24 85 -37 78 -88 42
p 9 69 89 -91 -86 9 -99 88 -91 95 3 77 31 20 99 -24 85 -37 78 -88 42
x 10 -95 -89 -11 -99 94 -100 97 -79 100 11 77 91 68 100 -53 100 -89 41 -93 -41
p 10 43 68 -95 -89 -11 -99 94 -100 97 -79 100 11 77 91 68 100 -53 100 -89 41 -93 -41
x 12 -99 -72 -92 -98 30 -98 94 -93 99 -24 98 35 97 47 78 81 47 99 -82 96 -95 66 -99 -28
p 12 49 11 -99 -72 -92 -98 30 -98 94 -93 99 -24 98 35 97 47 78 81 47 99 -82 96 -95 66 -99 -28
x 11 -100 -78 -53 -100 89 -93 94 -91 96 -80 99 -31 99 7 97 67 93 73 64 100 -100 100
p 11 -77 36 -100 -78 -53 -100 89 -93 94 -91 96 -80 99 -31 99 7 97 67 93 73 64 100 -100 100
x 3 -28 -6 59 -77 18 28
p 3 -39 -30 -28 -6 59 -77 18 28
x 6 -77 -48 -66 -76 80 -92 69 5 -11 74 -75 88
p 6 -4 37 -77 -48 -66 -76 80 -92 69 5 -11 74 -75 88
x 11 -100 -34 -99 -55 -71 -78 35 -88 79 -66 96 -41 95 40 92 82 82 93 -85 99 -96 25
p 11 -6 -85 -100 -34 -99 -55 -71 -78 35 -88 79 -66 96 -41 95 40 92 82 82 93 -85 99 -96 25
x 8 -100 -89 38 -94 46 -94 74 -89 97 -27 68 94 7 98 -100 89
p 8 10 -36 -100 -89 38 -94 46 -94 74 -89 97 -27 68 94 7 98 -100 89
x 10 -97 58 -72 -81 4 -92 26 -90 83 -18 98 55 75 84 33 95 -75 92 -97 91
p 10 56 -18 -97 58 -72 -81 4 -92 26 -90 83 -18 98 55 75 84 33 95 -75 92 -97 91
x 8 -97 53 -95 -24 -93 -72 -90 -88 100 -99 99 76 91 100 -44 99
p 8 19 -26 -97 53 -95 -24 -93 -72 -90 -88 100 -99 99 76 91 100 -44 99
x 8 -100 -67 -37 -97 96 -94 99 -14 89 83 -11 96 -58 78 -94 62
p 8 -99 60 -100 -67 -37 -97 96 -94 99 -14 89 83 -11 96 -58 78 -94 62
x 8 -100 33 -81 -17 -62 -55 6 -79 36 -73 86 53 79 91 -41 86
p 8 -86 -36 -100 33 -81 -17 -62 -55 6 -79 36 -73 86 53 79 91 -41 86
x 9 -99 -49 -87 -100 -3 -93 32 -88 76 -22 95 23 64 92 -90 88 -99 8
p 9 -2 -93 -99 -49 -87 -100 -3 -93 32 -88 76 -22 95 23 64 92 -90 88 -99 8
x 10 -100 56 -97 -38 -91 -67 -81 -98 34 -99 95 -98 100 -44 85 79 34 92 -42 88
p 10 -23 88 -100 56 -97 -38 -91 -67 -81 -98 34 -99 95 -98 100 -44 85 79 34 92 -42 88
x 12 -100 -39 -97 -60 -84 -72 18 -100 93 -100 100 -92 97 -29 93 40 77 83 59 86 -55 96 -100 45
p 12 54 91 -100 -39 -97 -60 -84 -72 18 -100 93 -100 100 -92 97 -29 93 40 77 83 59 86 -55 96 -100 45
x 7 -97 -63 -82 -85 -39 -78 93 8 73 41 7 99 -83 13
p 7 30 64 -97 -63 -82 -85 -39 -78 93 8 73 41 7 99 -83 13
x 14 -94 -8 -87 -69 -80 -81 -69 -93 11 -98 29 -99 89 -98 98 21 98 39 59 95 -34 100 -70 94 -91 81 -93 41
p 14 17 -97 -94 -8 -87 -69 -80 -81 -69 -93 11 -98 29 -99 89 -98 98 21 98 39 59 95 -34 100 -70 94 -91 81 -93 41
x 9 -99 46 -98 -71 -70 -100 89 -84 91 -72 90 50 81 98 -34 98 -85 97
p 9 51 -16 -99 46 -98 -71 -70 -100 89 -84 91 -72 90 50 81 98 -34 98 -85 97
x 7 -82 -22 8 -82 41 -86 90 -85 76 88 -37 84 -75 68
p 7 20 -71 -82 -22 8 -82 41 -86 90 -85 76 88 -37 84 -75 68
x 4 -98 23 -6 -82 86 21 -39 83
p 4 90 -82 -98 23 -6 -82 86 21 -39 83
x 10 -99 -56 -71 -67 25 -100 77 -99 100 -37 99 25 96 34 65 92 -90 96 -99 81
p 10 -89 39 -99 -56 -71 -67 25 -100 77 -99 100 -37 99 25 96 34 65 92 -90 96 -99 81
x 11 -98 -78 -25 -94 58 -98 93 -76 96 -49 93 -19 85 7 45 83 -77 100 -97 20 -98 -67
p 11 -95 52 -98 -78 -25 -94 58 -98 93 -76 96 -49 93 -19 85 7 45 83 -77 100 -97 20 -98 -67
x 9 -93 7 -68 -97 41 -98 83 -67 95 -15 91 38 79 55 51 76 -62 89
p 9 40 -15 -93 7 -68 -97 41 -98 83 -67 95 -15 91 38 79 55 51 76 -62 89
x 9 -98 67 -96 -15 -95 -36 -76 -65 -51 -89 87 -95 98 13 81 99 -94 99
p 9 -63 11 -98 67 -96 -15 -95 -36 -76 -65 -51 -89 87 -95 98 13 81 99 -94 99
x 15 -97 10 -96 -71 -53 -93 23 -94 64 -90 92 -42 100 -11 94 38 91 50 81 85 51 100 -51 87 -64 81 -91 67 -95 35
p 15 -98 -12 -97 10 -96 -71 -53 -93 23 -94 64 -90 92 -42 100 -11 94 38 91 50 81 85 51 100 -51 87 -64 81 -91 67 -95 35
x 8 -99 58 -92 -23 -63 -59 36 -83 84 36 63 100 28 95 -92 71
p 8 5 -26 -99 58 -92 -23 -63 -59 36 -83 84 36 63 100 28 95 -92 71
x 8 -98 74 -85 -82 -74 -93 65 -98 97 -94 91 92 -36 99 -93 97
p 8 -28 56 -98 74 -85 -82 -74 -93 65 -98 97 -94 91 92 -36 99 -93 97
x 11 -98 -19 -5 -95 74 -94 87 -83 88 39 56 60 -3 97 -19 99 -25 98 -55 91 -95 70
p 11 -64 24 -98 -19 -5 -95 74 -94 87 -83 88 39 56 60 -3 97 -19 99 -25 98 -55 91 -95 70
x 11 -99 -98 -15 -98 45 -88 55 -86 99 -46 89 52 87 66 10 96 -60 94 -85 84 -98 -38
p 11 -51 72 -99 -98 -15 -98 45 -88 55 -86 99 -46 89 52 87 66 10 96 -60 94 -85 84 -98 -38
x 13 -98 -74 -78 -100 10 -97 38 -94 52 -89 66 -76 89 -34 99 34 98 80 75 85 -37 95 -91 92 -96 75
p 13 -59 5 -98 -74 -78 -100 10 -97 38 -94 52 -89 66 -76 89 -34 99 34 98 80 75 85 -37 95 -91 92 -96 75
x 11 -100 -94 36 -93 80 -81 96 19 100 71 79 95 40 98 -3 99 -74 100 -84 99 -100 29
p 11 40 63 -100 -94 36 -93 80 -81 96 19 100 71 79 95 40 98 -3 99 -74 100 -84 99 -100 29
x 11 -99 95 -94 -45 -88 -95 -77 -98 57 -100 86 -75 95 -55 97 -30 98 -13 99 99 -52 99
p 11 18 36 -99 95 -94 -45 -88 -95 -77 -98 57 -100 86 -75 95 -55 97 -30 98 -13 99 99 -52 99
x 12 -100 -60 -90 -94 79 -95 80 -95 91 -43 96 77 79 95 66 97 -54 93 -89 77 -93 59 -98 32
p 12 -34 26 -100 -60 -90 -94 79 -95 80 -95 91 -43 96 77 79 95 66 97 -54 93 -89 77 -93 59 -98 32
x 5 -70 67 -62 -94 7 -100 93 14 88 79
p 5 -43 -33 -70 67 -62 -94 7 -100 93 14 88 79
x 7 -100 27 -69 -68 5 -96 89 -25 99 0 -39 72 -100 68
p 7 82 -100 -100 27 -69 -68 5 -96 89 -25 99 0 -39 72 -100 68
